0
4.05141
-0.120136
1.28814
-0.255701
0.694031
-0.43154
0.401755
-0.707107
0.191912
-1.30434
-0.0540992
-4.64466
1.99304
2.97975
0.113574
1
-0.0917867
0.483143
-0.273645
0.183771
-0.520835
-0.10543
-1.03304
-0.707107
-4.51871
3.5958
1.75803
0.572726
0.552189
0.211685
0.150535
-9.65979e-12
-0.150535
-0.211685
-0.552189
-0.572726
-1.75803
-3.5958
4.51871
0.707107
1.03304
0.10543
0.520835
-0.183771
0.273645
-0.483143
0.0917867
-1
-0.113574
-2.97975
-1.99304
4.64466
0.0540992
1.30434
-0.191912
0.707107
-0.401755
0.43154
-0.694031
0.255701
-1.28814
0.120136
-4.05141
-1.88217e-11
4.05141
-0.120136
1.28814
-0.255701
0.694031
-0.43154
0.401755
-0.707107
0.191912
-1.30434
-0.0540992
-4.64466
1.99304
2.97975
0.113574
1
-0.0917867
0.483143
-0.273645
0.183771
-0.520835
-0.10543
-1.03304
-0.707107
-4.51871
3.5958
1.75803
0.572726
0.552189
0.211685
0.150535
7.40043e-12
-0.150535
-0.211685
-0.552189
-0.572726
-1.75803
-3.5958
4.51871
0.707107
1.03304
0.10543
0.520835
-0.183771
0.273645
-0.483143
0.0917867
-1
-0.113574
-2.97975
-1.99304
4.64466
0.0540992
1.30434
-0.191912
0.707107
-0.401755
0.43154
-0.694031
0.255701
-1.28814
0.120136
-4.05141
-3.76433e-11
4.05141
-0.120136
1.28814
-0.255701
0.694031
-0.43154
0.401755
-0.707107
0.191912
-1.30434
-0.0540992
-4.64466
1.99304
2.97975
0.113574
1
-0.0917867
0.483143
-0.273645
0.183771
-0.520835
-0.10543
-1.03304
-0.707107
-4.51871
3.5958
1.75803
0.572726
0.552189
0.211685
0.150535
3.90126e-11
-0.150535
-0.211685
-0.552189
-0.572726
-1.75803
-3.5958
4.51871
0.707107
1.03304
0.10543
0.520835
-0.183771
0.273645
-0.483143
0.0917867
-1
-0.113574
-2.97975
-1.99304
4.64466
0.0540992
1.30434
-0.191912
0.707107
-0.401755
0.43154
-0.694031
0.255701
-1.28814
0.120136
-4.05141
-7.10169e-11
4.05141
-0.120136
1.28814
-0.255701
0.694031
-0.43154
0.401755
-0.707107
0.191912
-1.30434
-0.0540992
-4.64466
1.99304
2.97975
0.113574
1
-0.0917867
0.483143
-0.273645
0.183771
-0.520835
-0.10543
-1.03304
-0.707107
-4.51871
3.5958
1.75803
0.572726
0.552189
0.211685
0.150535
3.42449e-11
-0.150535
-0.211685
-0.552189
-0.572726
-1.75803
-3.5958
4.51871
0.707107
1.03304
0.10543
0.520835
-0.183771
0.273645
-0.483143
0.0917867
-1
-0.113574
-2.97975
-1.99304
4.64466
0.0540992
1.30434
-0.191912
0.707107
-0.401755
0.43154
-0.694031
0.255701
-1.28814
0.120136
-4.05141
-7.52867e-11
4.05141
-0.120136
1.28814
-0.255701
0.694031
-0.43154
0.401755
-0.707107
0.191912
-1.30434
-0.0540992
-4.64466
1.99304
2.97975
0.113574
1
-0.0917867
0.483143
-0.273645
0.183771
-0.520835
-0.10543
-1.03304
-0.707107
-4.51871
3.5958
1.75803
0.572726
0.552189
0.211685
0.150535
3.73431e-13
-0.150535
-0.211685
-0.552189
-0.572726
-1.75803
-3.5958
4.51871
0.707107
1.03304
0.10543
0.520835
-0.183771
0.273645
-0.483143
0.0917867
-1
-0.113574
-2.97975
-1.99304
4.64466
0.0540992
1.30434
-0.191912
0.707107
-0.401755
0.43154
-0.694031
0.255701
-1.28814
0.120136
-4.05141
-1.52316e-10
4.05141
-0.120136
1.28814
-0.255701
0.694031
-0.43154
0.401755
-0.707107
0.191912
-1.30434
-0.0540992
-4.64466
1.99304
2.97975
0.113574
1
-0.0917867
0.483143
-0.273645
0.183771
-0.520835
-0.10543
-1.03304
-0.707107
-4.51871
3.5958
1.75803
0.572726
0.552189
0.211685
0.150535
-4.805e-11
-0.150535
-0.211685
-0.552189
-0.572726
-1.75803
-3.5958
4.51871
0.707107
1.03304
0.10543
0.520835
-0.183771
0.273645
-0.483143
0.0917867
-1
-0.113574
-2.97975
-1.99304
4.64466
0.0540992
1.30434
-0.191912
0.707107
-0.401755
0.43154
-0.694031
0.255701
-1.28814
0.120136
-4.05141
-1.42034e-10
4.05141
-0.120136
1.28814
-0.255701
0.694031
-0.43154
0.401755
-0.707107
0.191912
-1.30434
-0.0540992
-4.64466
1.99304
2.97975
0.113574
1
-0.0917867
0.483143
-0.273645
0.183771
-0.520835
-0.10543
-1.03304
-0.707107
-4.51871
3.5958
1.75803
0.572726
0.552189
0.211685
0.150535
-9.16188e-12
-0.150535
-0.211685
-0.552189
-0.572726
-1.75803
-3.5958
4.51871
0.707107
1.03304
0.10543
0.520835
-0.183771
0.273645
-0.483143
0.0917867
-1
-0.113574
-2.97975
-1.99304
4.64466
0.0540992
1.30434
-0.191912
0.707107
-0.401755
0.43154
-0.694031
0.255701
-1.28814
0.120136
-4.05141
-1.02648e-10
4.05141
-0.120136
1.28814
-0.255701
0.694031
-0.43154
0.401755
-0.707107
0.191912
-1.30434
-0.0540992
-4.64466
1.99304
2.97975
0.113574
1
-0.0917867
0.483143
-0.273645
0.183771
-0.520835
-0.10543
-1.03304
-0.707107
-4.51871
3.5958
1.75803
0.572726
0.552189
0.211685
0.150535
-1.15793e-10
-0.150535
-0.211685
-0.552189
-0.572726
-1.75803
-3.5958
4.51871
0.707107
1.03304
0.10543
0.520835
-0.183771
0.273645
-0.483143
0.0917867
-1
-0.113574
-2.97975
-1.99304
4.64466
0.0540992
1.30434
-0.191912
0.707107
-0.401755
0.43154
-0.694031
0.255701
-1.28814
0.120136
-4.05141
-1.50573e-10
4.05141
-0.120136
1.28814
-0.255701
0.694031
-0.43154
0.401755
-0.707107
0.191912
-1.30434
-0.0540992
-4.64466
1.99304
2.97975
0.113574
1
-0.0917867
0.483143
-0.273645
0.183771
-0.520835
-0.10543
-1.03304
-0.707107
-4.51871
3.5958
1.75803
0.572726
0.552189
0.211685
0.150535
-1.06009e-10
-0.150535
-0.211685
-0.552189
-0.572726
-1.75803
-3.5958
4.51871
0.707107
1.03304
0.10543
0.520835
-0.183771
0.273645
-0.483143
0.0917867
-1
-0.113574
-2.97975
-1.99304
4.64466
0.0540992
1.30434
-0.191912
0.707107
-0.401755
0.43154
-0.694031
0.255701
-1.28814
0.120136
-4.05141
-2.27603e-10
4.05141
-0.120136
1.28814
-0.255701
0.694031
-0.43154
0.401755
-0.707107
0.191912
-1.30434
-0.0540992
-4.64466
1.99304
2.97975
0.113574
1
-0.0917867
0.483143
-0.273645
0.183771
-0.520835
-0.10543
-1.03304
-0.707107
-4.51871
3.5958
1.75803
0.572726
0.552189
0.211685
0.150535
-1.83536e-10
-0.150535
-0.211685
-0.552189
-0.572726
-1.75803
-3.5958
4.51871
0.707107
1.03304
0.10543
0.520835
-0.183771
0.273645
-0.483143
0.0917867
-1
-0.113574
-2.97975
-1.99304
4.64466
0.0540992
1.30434
-0.191912
0.707107
-0.401755
0.43154
-0.694031
0.255701
-1.28814
0.120136
-4.05141
-3.04632e-10
4.05141
-0.120136
1.28814
-0.255701
0.694031
-0.43154
0.401755
-0.707107
0.191912
-1.30434
-0.0540992
-4.64466
1.99304
2.97975
0.113574
1
-0.0917867
0.483143
-0.273645
0.183771
-0.520835
-0.10543
-1.03304
-0.707107
-4.51871
3.5958
1.75803
0.572726
0.552189
0.211685
0.150535
-2.82325e-11
-0.150535
-0.211685
-0.552189
-0.572726
-1.75803
-3.5958
4.51871
0.707107
1.03304
0.10543
0.520835
-0.183771
0.273645
-0.483143
0.0917867
-1
-0.113574
-2.97975
-1.99304
4.64466
0.0540992
1.30434
-0.191912
0.707107
-0.401755
0.43154
-0.694031
0.255701
-1.28814
0.120136
-4.05141
-2.07038e-10
4.05141
-0.120136
1.28814
-0.255701
0.694031
-0.43154
0.401755
-0.707107
0.191912
-1.30434
-0.0540992
-4.64466
1.99304
2.97975
0.113574
1
-0.0917867
0.483143
-0.273645
0.183771
-0.520835
-0.10543
-1.03304
-0.707107
-4.51871
3.5958
1.75803
0.572726
0.552189
0.211685
0.150535
1.06556e-11
-0.150535
-0.211685
-0.552189
-0.572726
-1.75803
-3.5958
4.51871
0.707107
1.03304
0.10543
0.520835
-0.183771
0.273645
-0.483143
0.0917867
-1
-0.113574
-2.97975
-1.99304
4.64466
0.0540992
1.30434
-0.191912
0.707107
-0.401755
0.43154
-0.694031
0.255701
-1.28814
0.120136
-4.05141
-2.84068e-10
4.05141
-0.120136
1.28814
-0.255701
0.694031
-0.43154
0.401755
-0.707107
0.191912
-1.30434
-0.0540992
-4.64466
1.99304
2.97975
0.113574
1
-0.0917867
0.483143
-0.273645
0.183771
-0.520835
-0.10543
-1.03304
-0.707107
-4.51871
3.5958
1.75803
0.572726
0.552189
0.211685
0.150535
-1.25079e-10
-0.150535
-0.211685
-0.552189
-0.572726
-1.75803
-3.5958
4.51871
0.707107
1.03304
0.10543
0.520835
-0.183771
0.273645
-0.483143
0.0917867
-1
-0.113574
-2.97975
-1.99304
4.64466
0.0540992
1.30434
-0.191912
0.707107
-0.401755
0.43154
-0.694031
0.255701
-1.28814
0.120136
-4.05141
-1.28266e-10
4.05141
-0.120136
1.28814
-0.255701
0.694031
-0.43154
0.401755
-0.707107
0.191912
-1.30434
-0.0540992
-4.64466
1.99304
2.97975
0.113574
1
-0.0917867
0.483143
-0.273645
0.183771
-0.520835
-0.10543
-1.03304
-0.707107
-4.51871
3.5958
1.75803
0.572726
0.552189
0.211685
0.150535
-2.02607e-10
-0.150535
-0.211685
-0.552189
-0.572726
-1.75803
-3.5958
4.51871
0.707107
1.03304
0.10543
0.520835
-0.183771
0.273645
-0.483143
0.0917867
-1
-0.113574
-2.97975
-1.99304
4.64466
0.0540992
1.30434
-0.191912
0.707107
-0.401755
0.43154
-0.694031
0.255701
-1.28814
0.120136
-4.05141
-2.05296e-10
4.05141
-0.120136
1.28814
-0.255701
0.694031
-0.43154
0.401755
-0.707107
0.191912
-1.30434
-0.0540992
-4.64466
1.99304
2.97975
0.113574
1
-0.0917867
0.483143
-0.273645
0.183771
-0.520835
-0.10543
-1.03304
-0.707107
-4.51871
3.5958
1.75803
0.572726
0.552189
0.211685
0.150535
1.85528e-10
-0.150535
-0.211685
-0.552189
-0.572726
-1.75803
-3.5958
4.51871
0.707107
1.03304
0.10543
0.520835
-0.183771
0.273645
-0.483143
0.0917867
-1
-0.113574
-2.97975
-1.99304
4.64466
0.0540992
1.30434
-0.191912
0.707107
-0.401755
0.43154
-0.694031
0.255701
-1.28814
0.120136
-4.05141
-4.56948e-10
4.05141
-0.120136
1.28814
-0.255701
0.694031
-0.43154
0.401755
-0.707107
0.191912
-1.30434
-0.0540992
-4.64466
1.99304
2.97975
0.113574
1
-0.0917867
0.483143
-0.273645
0.183771
-0.520835
-0.10543
-1.03304
-0.707107
-4.51871
3.5958
1.75803
0.572726
0.552189
0.211685
0.150535
1.08e-10
-0.150535
-0.211685
-0.552189
-0.572726
-1.75803
-3.5958
4.51871
0.707107
1.03304
0.10543
0.520835
-0.183771
0.273645
-0.483143
0.0917867
-1
-0.113574
-2.97975
-1.99304
4.64466
0.0540992
1.30434
-0.191912
0.707107
-0.401755
0.43154
-0.694031
0.255701
-1.28814
0.120136
-4.05141
-6.54187e-10
4.05141
-0.120136
1.28814
-0.255701
0.694031
-0.43154
0.401755
-0.707107
0.191912
-1.30434
-0.0540992
-4.64466
1.99304
2.97975
0.113574
1
-0.0917867
0.483143
-0.273645
0.183771
-0.520835
-0.10543
-1.03304
-0.707107
-4.51871
3.5958
1.75803
0.572726
0.552189
0.211685
0.150535
2.79392e-10
-0.150535
-0.211685
-0.552189
-0.572726
-1.75803
-3.5958
4.51871
0.707107
1.03304
0.10543
0.520835
-0.183771
0.273645
-0.483143
0.0917867
-1
-0.113574
-2.97975
-1.99304
4.64466
0.0540992
1.30434
-0.191912
0.707107
-0.401755
0.43154
-0.694031
0.255701
-1.28814
0.120136
-4.05141
-6.73009e-10
4.05141
-0.120136
1.28814
-0.255701
0.694031
-0.43154
0.401755
-0.707107
0.191912
-1.30434
-0.0540992
-4.64466
1.99304
2.97975
0.113574
1
-0.0917867
0.483143
-0.273645
0.183771
-0.520835
-0.10543
-1.03304
-0.707107
-4.51871
3.5958
1.75803
0.572726
0.552189
0.211685
0.150535
-8.91732e-11
-0.150535
-0.211685
-0.552189
-0.572726
-1.75803
-3.5958
4.51871
0.707107
1.03304
0.10543
0.520835
-0.183771
0.273645
-0.483143
0.0917867
-1
-0.113574
-2.97975
-1.99304
4.64466
0.0540992
1.30434
-0.191912
0.707107
-0.401755
0.43154
-0.694031
0.255701
-1.28814
0.120136
-4.05141
-1.09754e-10
4.05141
-0.120136
1.28814
-0.255701
0.694031
-0.43154
0.401755
-0.707107
0.191912
-1.30434
-0.0540992
-4.64466
1.99304
2.97975
0.113574
1
-0.0917867
0.483143
-0.273645
0.183771
-0.520835
-0.10543
-1.03304
-0.707107
-4.51871
3.5958
1.75803
0.572726
0.552189
0.211685
0.150535
-4.57739e-10
-0.150535
-0.211685
-0.552189
-0.572726
-1.75803
-3.5958
4.51871
0.707107
1.03304
0.10543
0.520835
-0.183771
0.273645
-0.483143
0.0917867
-1
-0.113574
-2.97975
-1.99304
4.64466
0.0540992
1.30434
-0.191912
0.707107
-0.401755
0.43154
-0.694031
0.255701
-1.28814
0.120136
-4.05141
-3.61407e-10
4.05141
-0.120136
1.28814
-0.255701
0.694031
-0.43154
0.401755
-0.707107
0.191912
-1.30434
-0.0540992
-4.64466
1.99304
2.97975
0.113574
1
-0.0917867
0.483143
-0.273645
0.183771
-0.520835
-0.10543
-1.03304
-0.707107
-4.51871
3.5958
1.75803
0.572726
0.552189
0.211685
0.150535
2.21434e-10
-0.150535
-0.211685
-0.552189
-0.572726
-1.75803
-3.5958
4.51871
0.707107
1.03304
0.10543
0.520835
-0.183771
0.273645
-0.483143
0.0917867
-1
-0.113574
-2.97975
-1.99304
4.64466
0.0540992
1.30434
-0.191912
0.707107
-0.401755
0.43154
-0.694031
0.255701
-1.28814
0.120136
-4.05141
2.01848e-10
4.05141
-0.120136
1.28814
-0.255701
0.694031
-0.43154
0.401755
-0.707107
0.191912
-1.30434
-0.0540992
-4.64466
1.99304
2.97975
0.113574
1
-0.0917867
0.483143
-0.273645
0.183771
-0.520835
-0.10543
-1.03304
-0.707107
-4.51871
3.5958
1.75803
0.572726
0.552189
0.211685
0.150535
-1.47132e-10
-0.150535
-0.211685
-0.552189
-0.572726
-1.75803
-3.5958
4.51871
0.707107
1.03304
0.10543
0.520835
-0.183771
0.273645
-0.483143
0.0917867
-1
-0.113574
-2.97975
-1.99304
4.64466
0.0540992
1.30434
-0.191912
0.707107
-0.401755
0.43154
-0.694031
0.255701
-1.28814
0.120136
-4.05141
-5.15465e-10
4.05141
-0.120136
1.28814
-0.255701
0.694031
-0.43154
0.401755
-0.707107
0.191912
-1.30434
-0.0540992
-4.64466
1.99304
2.97975
0.113574
1
-0.0917867
0.483143
-0.273645
0.183771
-0.520835
-0.10543
-1.03304
-0.707107
-4.51871
3.5958
1.75803
0.572726
0.552189
0.211685
0.150535
6.63792e-11
-0.150535
-0.211685
-0.552189
-0.572726
-1.75803
-3.5958
4.51871
0.707107
1.03304
0.10543
0.520835
-0.183771
0.273645
-0.483143
0.0917867
-1
-0.113574
-2.97975
-1.99304
4.64466
0.0540992
1.30434
-0.191912
0.707107
-0.401755
0.43154
-0.694031
0.255701
-1.28814
0.120136
-4.05141
-1.46561e-09
4.05141
-0.120136
1.28814
-0.255701
0.694031
-0.43154
0.401755
-0.707107
0.191912
-1.30434
-0.0540992
-4.64466
1.99304
2.97975
0.113574
1
-0.0917867
0.483143
-0.273645
0.183771
-0.520835
-0.10543
-1.03304
-0.707107
-4.51871
3.5958
1.75803
0.572726
0.552189
0.211685
0.150535
-6.93557e-11
-0.150535
-0.211685
-0.552189
-0.572726
-1.75803
-3.5958
4.51871
0.707107
1.03304
0.10543
0.520835
-0.183771
0.273645
-0.483143
0.0917867
-1
-0.113574
-2.97975
-1.99304
4.64466
0.0540992
1.30434
-0.191912
0.707107
-0.401755
0.43154
-0.694031
0.255701
-1.28814
0.120136
-4.05141
-9.02354e-10
4.05141
-0.120136
1.28814
-0.255701
0.694031
-0.43154
0.401755
-0.707107
0.191912
-1.30434
-0.0540992
-4.64466
1.99304
2.97975
0.113574
1
-0.0917867
0.483143
-0.273645
0.183771
-0.520835
-0.10543
-1.03304
-0.707107
-4.51871
3.5958
1.75803
0.572726
0.552189
0.211685
0.150535
2.774e-11
-0.150535
-0.211685
-0.552189
-0.572726
-1.75803
-3.5958
4.51871
0.707107
1.03304
0.10543
0.520835
-0.183771
0.273645
-0.483143
0.0917867
-1
-0.113574
-2.97975
-1.99304
4.64466
0.0540992
1.30434
-0.191912
0.707107
-0.401755
0.43154
-0.694031
0.255701
-1.28814
0.120136
-4.05141
2.42977e-10
4.05141
-0.120136
1.28814
-0.255701
0.694031
-0.43154
0.401755
-0.707107
0.191912
-1.30434
-0.0540992
-4.64466
1.99304
2.97975
0.113574
1
-0.0917867
0.483143
-0.273645
0.183771
-0.520835
-0.10543
-1.03304
-0.707107
-4.51871
3.5958
1.75803
0.572726
0.552189
0.211685
0.150535
2.41251e-10
-0.150535
-0.211685
-0.552189
-0.572726
-1.75803
-3.5958
4.51871
0.707107
1.03304
0.10543
0.520835
-0.183771
0.273645
-0.483143
0.0917867
-1
-0.113574
-2.97975
-1.99304
4.64466
0.0540992
1.30434
-0.191912
0.707107
-0.401755
0.43154
-0.694031
0.255701
-1.28814
0.120136
-4.05141
-4.74337e-10
4.05141
-0.120136
1.28814
-0.255701
0.694031
-0.43154
0.401755
-0.707107
0.191912
-1.30434
-0.0540992
-4.64466
1.99304
2.97975
0.113574
1
-0.0917867
0.483143
-0.273645
0.183771
-0.520835
-0.10543
-1.03304
-0.707107
-4.51871
3.5958
1.75803
0.572726
0.552189
0.211685
0.150535
-1.27314e-10
-0.150535
-0.211685
-0.552189
-0.572726
-1.75803
-3.5958
4.51871
0.707107
1.03304
0.10543
0.520835
-0.183771
0.273645
-0.483143
0.0917867
-1
-0.113574
-2.97975
-1.99304
4.64466
0.0540992
1.30434
-0.191912
0.707107
-0.401755
0.43154
-0.694031
0.255701
-1.28814
0.120136
-4.05141
8.89184e-11
4.05141
-0.120136
1.28814
-0.255701
0.694031
-0.43154
0.401755
-0.707107
0.191912
-1.30434
-0.0540992
-4.64466
1.99304
2.97975
0.113574
1
-0.0917867
0.483143
-0.273645
0.183771
-0.520835
-0.10543
-1.03304
-0.707107
-4.51871
3.5958
1.75803
0.572726
0.552189
0.211685
0.150535
-3.02187e-11
-0.150535
-0.211685
-0.552189
-0.572726
-1.75803
-3.5958
4.51871
0.707107
1.03304
0.10543
0.520835
-0.183771
0.273645
-0.483143
0.0917867
-1
-0.113574
-2.97975
-1.99304
4.64466
0.0540992
1.30434
-0.191912
0.707107
-0.401755
0.43154
-0.694031
0.255701
-1.28814
0.120136
-4.05141
-6.28395e-10
4.05141
-0.120136
1.28814
-0.255701
0.694031
-0.43154
0.401755
-0.707107
0.191912
-1.30434
-0.0540992
-4.64466
1.99304
2.97975
0.113574
1
-0.0917867
0.483143
-0.273645
0.183771
-0.520835
-0.10543
-1.03304
-0.707107
-4.51871
3.5958
1.75803
0.572726
0.552189
0.211685
0.150535
-2.82369e-10
-0.150535
-0.211685
-0.552189
-0.572726
-1.75803
-3.5958
4.51871
0.707107
1.03304
0.10543
0.520835
-0.183771
0.273645
-0.483143
0.0917867
-1
-0.113574
-2.97975
-1.99304
4.64466
0.0540992
1.30434
-0.191912
0.707107
-0.401755
0.43154
-0.694031
0.255701
-1.28814
0.120136
-4.05141
4.00521e-10
4.05141
-0.120136
1.28814
-0.255701
0.694031
-0.43154
0.401755
-0.707107
0.191912
-1.30434
-0.0540992
-4.64466
1.99304
2.97975
0.113574
1
-0.0917867
0.483143
-0.273645
0.183771
-0.520835
-0.10543
-1.03304
-0.707107
-4.51871
3.5958
1.75803
0.572726
0.552189
0.211685
0.150535
-1.85273e-10
-0.150535
-0.211685
-0.552189
-0.572726
-1.75803
-3.5958
4.51871
0.707107
1.03304
0.10543
0.520835
-0.183771
0.273645
-0.483143
0.0917867
-1
-0.113574
-2.97975
-1.99304
4.64466
0.0540992
1.30434
-0.191912
0.707107
-0.401755
0.43154
-0.694031
0.255701
-1.28814
0.120136
-4.05141
-3.16793e-10
4.05141
-0.120136
1.28814
-0.255701
0.694031
-0.43154
0.401755
-0.707107
0.191912
-1.30434
-0.0540992
-4.64466
1.99304
2.97975
0.113574
1
-0.0917867
0.483143
-0.273645
0.183771
-0.520835
-0.10543
-1.03304
-0.707107
-4.51871
3.5958
1.75803
0.572726
0.552189
0.211685
0.150535
4.93899e-10
-0.150535
-0.211685
-0.552189
-0.572726
-1.75803
-3.5958
4.51871
0.707107
1.03304
0.10543
0.520835
-0.183771
0.273645
-0.483143
0.0917867
-1
-0.113574
-2.97975
-1.99304
4.64466
0.0540992
1.30434
-0.191912
0.707107
-0.401755
0.43154
-0.694031
0.255701
-1.28814
0.120136
-4.05141
-1.03411e-09
4.05141
-0.120136
1.28814
-0.255701
0.694031
-0.43154
0.401755
-0.707107
0.191912
-1.30434
-0.0540992
-4.64466
1.99304
2.97975
0.113574
1
-0.0917867
0.483143
-0.273645
0.183771
-0.520835
-0.10543
-1.03304
-0.707107
-4.51871
3.5958
1.75803
0.572726
0.552189
0.211685
0.150535
-3.40328e-10
-0.150535
-0.211685
-0.552189
-0.572726
-1.75803
-3.5958
4.51871
0.707107
1.03304
0.10543
0.520835
-0.183771
0.273645
-0.483143
0.0917867
-1
-0.113574
-2.97975
-1.99304
4.64466
0.0540992
1.30434
-0.191912
0.707107
-0.401755
0.43154
-0.694031
0.255701
-1.28814
0.120136
-4.05141
-5.1899e-12
4.05141
-0.120136
1.28814
-0.255701
0.694031
-0.43154
0.401755
-0.707107
0.191912
-1.30434
-0.0540992
-4.64466
1.99304
2.97975
0.113574
1
-0.0917867
0.483143
-0.273645
0.183771
-0.520835
-0.10543
-1.03304
-0.707107
-4.51871
3.5958
1.75803
0.572726
0.552189
0.211685
0.150535
-2.43232e-10
-0.150535
-0.211685
-0.552189
-0.572726
-1.75803
-3.5958
4.51871
0.707107
1.03304
0.10543
0.520835
-0.183771
0.273645
-0.483143
0.0917867
-1
-0.113574
-2.97975
-1.99304
4.64466
0.0540992
1.30434
-0.191912
0.707107
-0.401755
0.43154
-0.694031
0.255701
-1.28814
0.120136
-4.05141
